seed=42 mode=PARA_B_TRANSPOSED n=100

115,00 119,00 112,00 87,00 108,00 98,00 104,00 92,00 88,00 110,00 121,00 113,00 97,00 109,00 112,00 113,00 121,00 109,00 105,00 119,00 117,00 134,00 115,00 92,00 108,00 84,00 91,00 108,00 97,00 99,00 109,00 103,00 84,00 92,00 121,00 104,00 113,00 107,00 108,00 104,00 103,00 118,00 88,00 99,00 95,00 113,00 102,00 107,00 92,00 121,00 111,00 113,00 122,00 109,00 97,00 125,00 106,00 92,00 117,00 119,00 114,00 122,00 95,00 116,00 93,00 103,00 107,00 118,00 103,00 122,00 97,00 131,00 95,00 119,00 109,00 114,00 91,00 125,00 107,00 114,00 118,00 112,00 116,00 124,00 104,00 93,00 113,00 118,00 109,00 108,00 126,00 133,00 88,00 104,00 131,00 94,00 112,00 105,00 125,00 99,00 
100,00 110,00 116,00 93,00 105,00 86,00 111,00 109,00 89,00 90,00 107,00 120,00 94,00 104,00 118,00 112,00 110,00 117,00 87,00 119,00 110,00 121,00 112,00 93,00 105,00 95,00 105,00 114,00 110,00 96,00 111,00 113,00 83,00 100,00 116,00 80,00 113,00 116,00 95,00 108,00 108,00 116,00 93,00 94,00 103,00 95,00 99,00 108,00 97,00 132,00 101,00 120,00 116,00 107,00 91,00 124,00 112,00 97,00 112,00 126,00 93,00 102,00 99,00 120,00 92,00 98,00 100,00 105,00 91,00 124,00 80,00 116,00 90,00 113,00 97,00 114,00 86,00 102,00 96,00 98,00 102,00 109,00 109,00 136,00 100,00 94,00 108,00 116,00 96,00 105,00 121,00 99,00 80,00 104,00 110,00 87,00 109,00 103,00 114,00 98,00 
90,00 89,00 97,00 78,00 74,00 89,00 94,00 88,00 77,00 78,00 90,00 83,00 87,00 81,00 94,00 93,00 102,00 86,00 85,00 100,00 95,00 97,00 81,00 66,00 105,00 72,00 98,00 98,00 85,00 93,00 87,00 83,00 78,00 97,00 89,00 82,00 96,00 87,00 80,00 92,00 79,00 98,00 86,00 91,00 87,00 96,00 90,00 96,00 92,00 97,00 78,00 95,00 106,00 90,00 84,00 96,00 86,00 82,00 97,00 111,00 92,00 96,00 87,00 101,00 71,00 87,00 93,00 88,00 91,00 96,00 76,00 116,00 81,00 106,00 106,00 87,00 68,00 95,00 80,00 90,00 97,00 76,00 87,00 114,00 81,00 89,00 95,00 96,00 82,00 83,00 100,00 90,00 78,00 106,00 99,00 73,00 100,00 88,00 99,00 96,00 
88,00 123,00 119,00 103,00 95,00 75,00 104,00 109,00 95,00 92,00 106,00 98,00 102,00 99,00 113,00 110,00 105,00 112,00 103,00 112,00 114,00 110,00 115,00 82,00 106,00 88,00 99,00 116,00 110,00 109,00 118,00 107,00 78,00 106,00 112,00 88,00 105,00 110,00 94,00 95,00 102,00 113,00 97,00 103,00 96,00 105,00 98,00 110,00 87,00 120,00 99,00 109,00 114,00 104,00 95,00 113,00 102,00 93,00 107,00 111,00 100,00 114,00 105,00 120,00 87,00 101,00 115,00 105,00 97,00 109,00 90,00 140,00 99,00 108,00 112,00 115,00 94,00 109,00 110,00 112,00 117,00 105,00 110,00 126,00 108,00 94,00 115,00 106,00 101,00 106,00 114,00 102,00 87,00 114,00 119,00 96,00 119,00 101,00 101,00 97,00 
93,00 93,00 86,00 67,00 80,00 68,00 92,00 88,00 64,00 85,00 90,00 96,00 81,00 84,00 81,00 84,00 87,00 88,00 80,00 90,00 103,00 98,00 82,00 84,00 86,00 69,00 86,00 87,00 72,00 81,00 83,00 74,00 80,00 99,00 91,00 69,00 99,00 93,00 73,00 74,00 83,00 98,00 80,00 75,00 76,00 79,00 83,00 93,00 79,00 103,00 68,00 93,00 80,00 87,00 73,00 102,00 84,00 78,00 96,00 102,00 88,00 92,00 69,00 102,00 67,00 84,00 92,00 80,00 88,00 87,00 69,00 106,00 73,00 110,00 78,00 88,00 74,00 90,00 88,00 90,00 82,00 73,00 79,00 105,00 71,00 77,00 95,00 85,00 92,00 87,00 89,00 77,00 64,00 91,00 101,00 63,00 96,00 85,00 88,00 79,00 
94,00 102,00 104,00 88,00 93,00 91,00 104,00 91,00 85,00 106,00 109,00 105,00 100,00 99,00 115,00 104,00 120,00 109,00 98,00 91,00 105,00 110,00 103,00 86,00 105,00 98,00 94,00 104,00 101,00 91,00 102,00 100,00 87,00 102,00 103,00 80,00 111,00 113,00 92,00 100,00 100,00 114,00 84,00 100,00 99,00 101,00 100,00 121,00 98,00 122,00 101,00 110,00 109,00 111,00 90,00 119,00 88,00 92,00 116,00 125,00 106,00 106,00 90,00 113,00 95,00 102,00 96,00 107,00 104,00 102,00 91,00 128,00 105,00 115,00 105,00 113,00 77,00 105,00 108,00 114,00 103,00 106,00 104,00 129,00 99,00 82,00 102,00 124,00 89,00 102,00 115,00 102,00 74,00 103,00 114,00 87,00 103,00 99,00 104,00 94,00 
98,00 115,00 112,00 88,00 102,00 87,00 109,00 97,00 79,00 109,00 106,00 102,00 106,00 111,00 114,00 120,00 122,00 112,00 109,00 115,00 118,00 123,00 106,00 105,00 100,00 87,00 101,00 111,00 104,00 105,00 107,00 108,00 96,00 105,00 123,00 91,00 126,00 115,00 103,00 117,00 112,00 113,00 93,00 105,00 95,00 110,00 105,00 119,00 101,00 112,00 106,00 131,00 115,00 123,00 101,00 126,00 106,00 99,00 110,00 133,00 110,00 104,00 104,00 119,00 86,00 99,00 99,00 119,00 96,00 112,00 101,00 134,00 98,00 121,00 110,00 108,00 88,00 123,00 113,00 121,00 109,00 105,00 103,00 136,00 105,00 84,00 111,00 124,00 95,00 102,00 132,00 124,00 88,00 116,00 129,00 89,00 109,00 108,00 119,00 99,00 
89,00 113,00 114,00 87,00 92,00 86,00 104,00 104,00 86,00 83,00 101,00 104,00 93,00 91,00 106,00 84,00 112,00 101,00 106,00 111,00 107,00 107,00 109,00 106,00 91,00 74,00 105,00 99,00 101,00 105,00 103,00 103,00 72,00 92,00 114,00 87,00 103,00 102,00 86,00 102,00 112,00 108,00 94,00 99,00 82,00 104,00 87,00 109,00 80,00 111,00 94,00 114,00 103,00 100,00 89,00 107,00 103,00 88,00 107,00 107,00 80,00 97,00 94,00 114,00 77,00 82,00 107,00 95,00 87,00 108,00 89,00 127,00 73,00 113,00 97,00 106,00 81,00 118,00 97,00 106,00 112,00 99,00 106,00 117,00 97,00 87,00 103,00 113,00 107,00 110,00 113,00 95,00 81,00 98,00 104,00 83,00 120,00 96,00 101,00 85,00 
102,00 116,00 114,00 89,00 89,00 92,00 112,00 95,00 89,00 91,00 105,00 102,00 91,00 102,00 106,00 97,00 114,00 97,00 90,00 118,00 108,00 110,00 110,00 84,00 111,00 82,00 99,00 100,00 100,00 103,00 108,00 92,00 77,00 113,00 101,00 105,00 103,00 95,00 94,00 99,00 100,00 111,00 87,00 101,00 101,00 96,00 99,00 117,00 95,00 114,00 103,00 101,00 116,00 102,00 100,00 114,00 112,00 96,00 111,00 119,00 103,00 111,00 103,00 114,00 94,00 102,00 102,00 115,00 103,00 110,00 93,00 122,00 90,00 112,00 99,00 116,00 90,00 110,00 100,00 104,00 122,00 106,00 113,00 115,00 96,00 95,00 107,00 99,00 104,00 107,00 122,00 110,00 78,00 122,00 111,00 78,00 110,00 99,00 120,00 100,00 
103,00 122,00 121,00 87,00 100,00 75,00 114,00 97,00 86,00 95,00 103,00 98,00 96,00 96,00 112,00 115,00 115,00 102,00 93,00 103,00 113,00 105,00 108,00 93,00 104,00 69,00 97,00 100,00 102,00 94,00 111,00 89,00 75,00 109,00 108,00 73,00 116,00 100,00 97,00 101,00 103,00 115,00 91,00 97,00 84,00 99,00 99,00 99,00 88,00 107,00 105,00 125,00 118,00 113,00 95,00 110,00 102,00 99,00 120,00 111,00 96,00 98,00 93,00 114,00 81,00 92,00 107,00 109,00 101,00 125,00 82,00 116,00 71,00 110,00 97,00 104,00 76,00 116,00 102,00 92,00 113,00 98,00 104,00 129,00 96,00 98,00 109,00 113,00 83,00 101,00 119,00 102,00 93,00 112,00 122,00 73,00 119,00 103,00 109,00 86,00 
91,00 108,00 121,00 98,00 108,00 88,00 112,00 97,00 82,00 93,00 94,00 109,00 92,00 85,00 112,00 108,00 112,00 96,00 85,00 115,00 101,00 107,00 119,00 93,00 107,00 74,00 104,00 101,00 103,00 95,00 107,00 93,00 74,00 88,00 108,00 80,00 116,00 102,00 112,00 93,00 94,00 118,00 82,00 100,00 92,00 114,00 92,00 124,00 100,00 121,00 115,00 108,00 109,00 118,00 90,00 119,00 97,00 87,00 95,00 106,00 110,00 121,00 109,00 111,00 92,00 86,00 119,00 94,00 107,00 107,00 94,00 122,00 85,00 109,00 115,00 95,00 72,00 117,00 93,00 108,00 110,00 117,00 108,00 126,00 95,00 82,00 104,00 109,00 89,00 99,00 109,00 96,00 95,00 111,00 109,00 84,00 112,00 95,00 124,00 85,00 
112,00 115,00 104,00 84,00 96,00 85,00 103,00 87,00 88,00 88,00 101,00 95,00 92,00 107,00 100,00 99,00 113,00 101,00 98,00 108,00 109,00 115,00 102,00 88,00 111,00 84,00 93,00 109,00 92,00 89,00 90,00 90,00 85,00 97,00 118,00 83,00 111,00 102,00 97,00 95,00 113,00 106,00 92,00 86,00 83,00 96,00 95,00 109,00 95,00 108,00 97,00 106,00 120,00 102,00 85,00 106,00 111,00 97,00 113,00 111,00 98,00 111,00 104,00 113,00 73,00 99,00 98,00 102,00 87,00 119,00 97,00 131,00 83,00 102,00 113,00 96,00 87,00 115,00 102,00 103,00 111,00 95,00 99,00 121,00 97,00 107,00 108,00 106,00 98,00 99,00 112,00 96,00 81,00 108,00 120,00 88,00 119,00 108,00 116,00 99,00 
93,00 100,00 109,00 78,00 88,00 88,00 99,00 101,00 86,00 91,00 96,00 101,00 92,00 93,00 120,00 90,00 112,00 103,00 93,00 109,00 106,00 98,00 99,00 83,00 89,00 82,00 92,00 106,00 94,00 113,00 98,00 103,00 74,00 95,00 107,00 79,00 109,00 106,00 89,00 89,00 86,00 108,00 84,00 93,00 97,00 88,00 84,00 123,00 96,00 110,00 97,00 110,00 100,00 97,00 103,00 109,00 97,00 80,00 100,00 105,00 92,00 96,00 88,00 101,00 94,00 90,00 103,00 97,00 96,00 110,00 77,00 131,00 89,00 119,00 94,00 102,00 86,00 102,00 108,00 114,00 98,00 105,00 102,00 114,00 96,00 68,00 105,00 102,00 89,00 96,00 115,00 96,00 81,00 95,00 115,00 92,00 98,00 90,00 108,00 95,00 
82,00 111,00 89,00 85,00 83,00 87,00 93,00 86,00 70,00 81,00 101,00 97,00 85,00 84,00 104,00 90,00 92,00 98,00 82,00 98,00 97,00 101,00 99,00 81,00 84,00 67,00 99,00 89,00 84,00 92,00 100,00 85,00 70,00 84,00 81,00 87,00 92,00 98,00 87,00 83,00 90,00 96,00 75,00 96,00 73,00 87,00 88,00 100,00 73,00 104,00 81,00 106,00 94,00 98,00 95,00 98,00 83,00 87,00 97,00 105,00 84,00 84,00 92,00 96,00 69,00 99,00 92,00 101,00 82,00 104,00 72,00 122,00 82,00 111,00 89,00 88,00 79,00 98,00 87,00 95,00 103,00 95,00 99,00 110,00 88,00 73,00 91,00 100,00 87,00 95,00 101,00 95,00 80,00 92,00 106,00 80,00 99,00 88,00 90,00 84,00 
104,00 114,00 103,00 76,00 94,00 86,00 109,00 100,00 79,00 105,00 107,00 103,00 95,00 103,00 115,00 95,00 116,00 105,00 93,00 115,00 99,00 112,00 98,00 85,00 98,00 83,00 100,00 105,00 88,00 91,00 114,00 84,00 80,00 110,00 102,00 84,00 107,00 112,00 97,00 83,00 101,00 113,00 81,00 93,00 87,00 104,00 104,00 111,00 99,00 108,00 96,00 113,00 114,00 94,00 97,00 112,00 107,00 98,00 112,00 116,00 101,00 103,00 92,00 112,00 99,00 96,00 105,00 115,00 103,00 100,00 88,00 117,00 87,00 113,00 101,00 111,00 92,00 111,00 107,00 113,00 110,00 104,00 105,00 122,00 99,00 83,00 112,00 101,00 89,00 100,00 120,00 103,00 85,00 108,00 118,00 82,00 111,00 98,00 110,00 93,00 
97,00 93,00 95,00 86,00 95,00 76,00 100,00 75,00 75,00 89,00 91,00 88,00 87,00 98,00 109,00 92,00 102,00 86,00 82,00 91,00 97,00 103,00 94,00 86,00 101,00 71,00 91,00 91,00 95,00 86,00 95,00 89,00 86,00 83,00 112,00 72,00 109,00 102,00 92,00 105,00 102,00 104,00 79,00 85,00 86,00 85,00 102,00 113,00 92,00 90,00 80,00 104,00 101,00 108,00 95,00 110,00 92,00 90,00 103,00 113,00 101,00 105,00 90,00 113,00 87,00 89,00 84,00 99,00 87,00 103,00 82,00 115,00 72,00 112,00 95,00 97,00 79,00 106,00 95,00 102,00 106,00 99,00 100,00 124,00 88,00 95,00 88,00 112,00 90,00 99,00 103,00 89,00 74,00 104,00 115,00 83,00 103,00 108,00 108,00 93,00 
86,00 106,00 90,00 77,00 78,00 70,00 95,00 99,00 67,00 86,00 87,00 96,00 78,00 86,00 90,00 81,00 91,00 99,00 80,00 97,00 93,00 92,00 103,00 79,00 89,00 72,00 80,00 86,00 97,00 85,00 90,00 98,00 71,00 87,00 89,00 75,00 91,00 85,00 74,00 89,00 93,00 90,00 75,00 90,00 80,00 83,00 79,00 105,00 80,00 94,00 92,00 101,00 93,00 101,00 95,00 109,00 92,00 85,00 88,00 104,00 79,00 92,00 90,00 95,00 64,00 75,00 83,00 95,00 90,00 90,00 73,00 101,00 70,00 94,00 88,00 92,00 73,00 98,00 92,00 90,00 93,00 77,00 91,00 100,00 90,00 70,00 95,00 100,00 83,00 73,00 93,00 84,00 84,00 89,00 95,00 79,00 95,00 86,00 88,00 67,00 
104,00 122,00 116,00 113,00 110,00 94,00 117,00 122,00 90,00 95,00 109,00 112,00 99,00 108,00 121,00 108,00 122,00 106,00 97,00 116,00 121,00 122,00 119,00 99,00 110,00 84,00 109,00 110,00 112,00 110,00 117,00 99,00 101,00 103,00 112,00 89,00 119,00 117,00 111,00 100,00 108,00 120,00 90,00 105,00 103,00 114,00 102,00 130,00 106,00 123,00 110,00 119,00 125,00 107,00 98,00 123,00 111,00 111,00 114,00 124,00 110,00 117,00 97,00 121,00 98,00 108,00 120,00 97,00 108,00 112,00 110,00 142,00 87,00 115,00 120,00 109,00 89,00 122,00 106,00 127,00 115,00 120,00 117,00 135,00 100,00 94,00 115,00 113,00 103,00 119,00 110,00 104,00 95,00 117,00 126,00 92,00 123,00 108,00 116,00 108,00 
80,00 104,00 99,00 95,00 86,00 81,00 91,00 92,00 84,00 92,00 93,00 92,00 88,00 106,00 99,00 106,00 108,00 106,00 81,00 101,00 102,00 95,00 92,00 87,00 88,00 79,00 107,00 93,00 92,00 81,00 92,00 85,00 78,00 106,00 89,00 75,00 94,00 99,00 97,00 103,00 101,00 100,00 81,00 105,00 82,00 85,00 82,00 98,00 88,00 104,00 88,00 98,00 110,00 105,00 86,00 94,00 86,00 88,00 105,00 115,00 88,00 95,00 91,00 104,00 86,00 93,00 98,00 92,00 77,00 111,00 83,00 114,00 82,00 101,00 95,00 110,00 78,00 102,00 92,00 101,00 106,00 96,00 97,00 121,00 95,00 82,00 96,00 94,00 79,00 98,00 105,00 92,00 72,00 114,00 101,00 70,00 93,00 95,00 95,00 85,00 
102,00 111,00 106,00 95,00 96,00 89,00 105,00 103,00 83,00 103,00 102,00 108,00 92,00 109,00 108,00 105,00 109,00 124,00 92,00 123,00 95,00 112,00 112,00 100,00 95,00 87,00 93,00 102,00 102,00 87,00 109,00 99,00 67,00 94,00 110,00 109,00 107,00 109,00 98,00 105,00 102,00 109,00 87,00 100,00 95,00 98,00 94,00 120,00 91,00 121,00 91,00 113,00 114,00 111,00 85,00 112,00 101,00 86,00 111,00 113,00 95,00 112,00 108,00 111,00 79,00 98,00 92,00 104,00 90,00 112,00 92,00 115,00 94,00 118,00 104,00 108,00 86,00 109,00 106,00 93,00 110,00 94,00 107,00 133,00 106,00 97,00 108,00 99,00 95,00 104,00 118,00 105,00 79,00 100,00 117,00 85,00 120,00 96,00 101,00 78,00 
89,00 94,00 107,00 83,00 87,00 74,00 103,00 91,00 76,00 99,00 99,00 87,00 92,00 107,00 101,00 97,00 106,00 98,00 91,00 108,00 101,00 98,00 97,00 84,00 90,00 88,00 102,00 107,00 89,00 90,00 95,00 82,00 72,00 94,00 102,00 93,00 94,00 95,00 76,00 88,00 98,00 92,00 81,00 99,00 86,00 93,00 86,00 108,00 94,00 118,00 90,00 106,00 108,00 104,00 90,00 99,00 81,00 80,00 106,00 103,00 107,00 102,00 90,00 103,00 88,00 86,00 97,00 103,00 90,00 107,00 69,00 121,00 81,00 112,00 96,00 97,00 67,00 106,00 97,00 84,00 96,00 86,00 109,00 109,00 97,00 92,00 110,00 98,00 102,00 90,00 122,00 100,00 81,00 108,00 99,00 77,00 97,00 91,00 96,00 92,00 
97,00 110,00 90,00 87,00 95,00 83,00 85,00 99,00 72,00 99,00 90,00 95,00 83,00 99,00 94,00 94,00 98,00 100,00 78,00 93,00 96,00 94,00 103,00 57,00 101,00 79,00 85,00 98,00 73,00 81,00 98,00 85,00 87,00 83,00 97,00 83,00 92,00 96,00 83,00 91,00 90,00 93,00 80,00 88,00 85,00 79,00 96,00 107,00 106,00 108,00 97,00 92,00 116,00 99,00 88,00 118,00 94,00 99,00 99,00 101,00 97,00 120,00 87,00 99,00 89,00 96,00 82,00 89,00 95,00 100,00 80,00 103,00 82,00 105,00 101,00 95,00 75,00 97,00 89,00 82,00 101,00 84,00 99,00 115,00 85,00 90,00 103,00 95,00 89,00 88,00 107,00 93,00 81,00 105,00 98,00 78,00 92,00 96,00 101,00 84,00 
88,00 106,00 100,00 104,00 101,00 92,00 103,00 90,00 81,00 96,00 101,00 99,00 103,00 102,00 115,00 111,00 115,00 113,00 92,00 104,00 93,00 108,00 107,00 95,00 99,00 88,00 103,00 98,00 110,00 85,00 106,00 96,00 76,00 88,00 106,00 88,00 93,00 109,00 116,00 100,00 103,00 107,00 83,00 99,00 90,00 95,00 93,00 124,00 87,00 110,00 93,00 115,00 102,00 112,00 92,00 118,00 107,00 94,00 105,00 118,00 103,00 102,00 104,00 110,00 94,00 101,00 91,00 111,00 92,00 115,00 85,00 119,00 80,00 110,00 99,00 108,00 84,00 103,00 108,00 108,00 116,00 109,00 104,00 127,00 93,00 92,00 105,00 113,00 90,00 96,00 115,00 96,00 79,00 113,00 114,00 85,00 109,00 100,00 104,00 98,00 
85,00 88,00 101,00 84,00 81,00 77,00 80,00 67,00 71,00 101,00 95,00 90,00 96,00 103,00 102,00 95,00 98,00 103,00 88,00 96,00 102,00 92,00 95,00 77,00 92,00 79,00 88,00 89,00 83,00 87,00 90,00 82,00 75,00 87,00 94,00 82,00 100,00 90,00 84,00 89,00 96,00 92,00 91,00 85,00 95,00 90,00 80,00 107,00 93,00 106,00 93,00 99,00 101,00 104,00 93,00 96,00 89,00 85,00 95,00 106,00 100,00 96,00 92,00 98,00 84,00 90,00 99,00 101,00 86,00 101,00 82,00 134,00 88,00 101,00 84,00 94,00 73,00 88,00 100,00 99,00 94,00 98,00 101,00 113,00 81,00 67,00 106,00 103,00 98,00 91,00 120,00 93,00 72,00 87,00 101,00 82,00 100,00 96,00 96,00 91,00 
112,00 108,00 130,00 109,00 100,00 97,00 113,00 95,00 88,00 108,00 108,00 111,00 103,00 111,00 132,00 109,00 109,00 117,00 110,00 129,00 112,00 122,00 125,00 94,00 113,00 92,00 120,00 108,00 106,00 109,00 113,00 106,00 80,00 95,00 119,00 96,00 129,00 115,00 106,00 106,00 107,00 123,00 100,00 103,00 100,00 119,00 107,00 133,00 99,00 128,00 110,00 121,00 125,00 131,00 109,00 127,00 104,00 95,00 116,00 131,00 104,00 120,00 121,00 126,00 101,00 113,00 105,00 121,00 106,00 128,00 89,00 156,00 103,00 134,00 113,00 110,00 95,00 120,00 113,00 102,00 114,00 123,00 129,00 141,00 103,00 94,00 118,00 126,00 113,00 108,00 126,00 109,00 101,00 113,00 118,00 96,00 125,00 106,00 127,00 105,00 
111,00 111,00 126,00 99,00 95,00 111,00 110,00 97,00 85,00 112,00 99,00 103,00 112,00 101,00 111,00 122,00 129,00 106,00 98,00 118,00 108,00 109,00 105,00 111,00 114,00 85,00 102,00 111,00 104,00 93,00 102,00 108,00 89,00 101,00 117,00 90,00 111,00 114,00 102,00 115,00 109,00 109,00 103,00 92,00 89,00 112,00 99,00 122,00 98,00 119,00 102,00 130,00 112,00 116,00 100,00 128,00 96,00 98,00 112,00 110,00 104,00 115,00 109,00 122,00 88,00 97,00 104,00 111,00 101,00 113,00 108,00 139,00 84,00 127,00 113,00 119,00 81,00 98,00 99,00 112,00 117,00 110,00 107,00 134,00 92,00 88,00 124,00 113,00 101,00 106,00 118,00 102,00 86,00 115,00 131,00 92,00 118,00 103,00 121,00 100,00 
99,00 116,00 105,00 90,00 101,00 88,00 110,00 90,00 85,00 105,00 110,00 111,00 106,00 114,00 115,00 106,00 119,00 126,00 97,00 109,00 110,00 115,00 95,00 100,00 101,00 79,00 100,00 114,00 95,00 95,00 106,00 98,00 80,00 98,00 128,00 78,00 115,00 106,00 105,00 99,00 110,00 112,00 85,00 91,00 80,00 102,00 96,00 112,00 92,00 107,00 101,00 110,00 115,00 112,00 96,00 125,00 99,00 94,00 117,00 114,00 84,00 103,00 94,00 124,00 91,00 89,00 99,00 112,00 92,00 118,00 85,00 122,00 83,00 122,00 107,00 116,00 80,00 113,00 111,00 112,00 126,00 111,00 114,00 125,00 106,00 90,00 114,00 117,00 99,00 119,00 123,00 95,00 82,00 110,00 126,00 87,00 101,00 102,00 107,00 81,00 
92,00 112,00 116,00 96,00 90,00 85,00 125,00 106,00 91,00 92,00 104,00 96,00 93,00 98,00 124,00 104,00 119,00 101,00 107,00 116,00 108,00 118,00 102,00 98,00 104,00 75,00 112,00 100,00 91,00 108,00 91,00 95,00 78,00 112,00 104,00 93,00 121,00 104,00 91,00 108,00 95,00 110,00 88,00 98,00 92,00 97,00 93,00 122,00 95,00 114,00 103,00 115,00 118,00 105,00 101,00 105,00 110,00 95,00 106,00 127,00 108,00 105,00 113,00 121,00 98,00 90,00 110,00 108,00 100,00 114,00 81,00 135,00 89,00 134,00 114,00 107,00 71,00 118,00 98,00 109,00 108,00 96,00 100,00 126,00 101,00 89,00 106,00 102,00 90,00 91,00 108,00 104,00 91,00 119,00 126,00 78,00 116,00 109,00 112,00 98,00 
97,00 119,00 117,00 86,00 101,00 74,00 106,00 101,00 90,00 115,00 112,00 108,00 110,00 115,00 116,00 108,00 114,00 112,00 92,00 111,00 112,00 111,00 118,00 99,00 114,00 82,00 109,00 113,00 110,00 97,00 106,00 104,00 87,00 108,00 120,00 93,00 117,00 108,00 102,00 107,00 109,00 115,00 93,00 99,00 91,00 102,00 101,00 118,00 111,00 119,00 104,00 126,00 114,00 112,00 103,00 128,00 110,00 97,00 121,00 118,00 99,00 116,00 104,00 124,00 90,00 101,00 124,00 100,00 110,00 113,00 87,00 141,00 97,00 124,00 111,00 102,00 90,00 130,00 100,00 107,00 121,00 113,00 106,00 140,00 100,00 93,00 124,00 132,00 101,00 114,00 108,00 99,00 87,00 109,00 123,00 101,00 111,00 102,00 115,00 94,00 
107,00 123,00 111,00 94,00 90,00 95,00 115,00 110,00 84,00 90,00 105,00 115,00 106,00 97,00 120,00 117,00 121,00 111,00 95,00 115,00 104,00 111,00 102,00 96,00 107,00 101,00 107,00 112,00 104,00 93,00 117,00 103,00 86,00 115,00 110,00 96,00 110,00 114,00 96,00 94,00 104,00 121,00 91,00 101,00 94,00 108,00 91,00 114,00 92,00 127,00 93,00 123,00 111,00 119,00 109,00 106,00 97,00 94,00 107,00 109,00 96,00 96,00 99,00 116,00 82,00 107,00 113,00 115,00 95,00 115,00 83,00 130,00 95,00 120,00 103,00 104,00 86,00 108,00 112,00 112,00 117,00 96,00 100,00 127,00 120,00 83,00 119,00 110,00 100,00 97,00 138,00 100,00 76,00 109,00 115,00 86,00 114,00 106,00 109,00 95,00 
93,00 110,00 111,00 98,00 106,00 91,00 107,00 102,00 81,00 101,00 110,00 99,00 93,00 105,00 117,00 105,00 110,00 110,00 89,00 133,00 118,00 113,00 112,00 74,00 104,00 74,00 112,00 99,00 93,00 104,00 106,00 103,00 87,00 102,00 110,00 86,00 119,00 113,00 104,00 100,00 101,00 118,00 86,00 108,00 99,00 93,00 109,00 123,00 103,00 118,00 111,00 112,00 112,00 105,00 93,00 132,00 106,00 94,00 107,00 123,00 112,00 108,00 108,00 101,00 93,00 89,00 99,00 98,00 98,00 113,00 87,00 122,00 89,00 117,00 98,00 117,00 88,00 114,00 93,00 114,00 109,00 99,00 117,00 133,00 92,00 96,00 117,00 111,00 92,00 108,00 105,00 108,00 94,00 105,00 105,00 78,00 108,00 114,00 115,00 101,00 
95,00 88,00 102,00 83,00 85,00 88,00 96,00 79,00 80,00 95,00 109,00 93,00 85,00 89,00 95,00 98,00 108,00 105,00 71,00 105,00 101,00 106,00 84,00 69,00 98,00 74,00 83,00 107,00 83,00 86,00 79,00 91,00 83,00 103,00 105,00 61,00 111,00 100,00 100,00 93,00 89,00 113,00 78,00 88,00 83,00 80,00 94,00 116,00 102,00 102,00 93,00 97,00 98,00 100,00 87,00 114,00 83,00 92,00 108,00 111,00 99,00 104,00 87,00 99,00 82,00 91,00 87,00 82,00 89,00 113,00 71,00 113,00 74,00 97,00 85,00 99,00 65,00 105,00 86,00 103,00 93,00 90,00 91,00 119,00 81,00 96,00 99,00 107,00 88,00 100,00 90,00 84,00 71,00 94,00 103,00 80,00 92,00 102,00 100,00 81,00 
84,00 113,00 115,00 99,00 97,00 93,00 109,00 100,00 82,00 97,00 108,00 110,00 107,00 102,00 113,00 106,00 125,00 99,00 104,00 122,00 113,00 114,00 107,00 95,00 103,00 82,00 96,00 102,00 111,00 103,00 104,00 104,00 85,00 105,00 120,00 97,00 100,00 106,00 96,00 100,00 110,00 115,00 89,00 98,00 95,00 103,00 110,00 114,00 92,00 122,00 95,00 112,00 108,00 107,00 93,00 118,00 101,00 93,00 119,00 121,00 107,00 109,00 103,00 115,00 95,00 94,00 95,00 115,00 101,00 106,00 88,00 134,00 83,00 124,00 103,00 113,00 85,00 104,00 109,00 119,00 118,00 102,00 114,00 129,00 93,00 98,00 114,00 117,00 101,00 96,00 119,00 112,00 87,00 109,00 110,00 77,00 111,00 109,00 121,00 98,00 
92,00 108,00 109,00 92,00 97,00 88,00 115,00 96,00 87,00 102,00 107,00 112,00 107,00 102,00 119,00 102,00 123,00 112,00 103,00 121,00 122,00 114,00 115,00 99,00 111,00 91,00 114,00 115,00 113,00 114,00 114,00 105,00 80,00 116,00 115,00 87,00 121,00 115,00 119,00 99,00 123,00 120,00 96,00 112,00 101,00 109,00 113,00 129,00 101,00 114,00 103,00 128,00 117,00 129,00 118,00 119,00 105,00 109,00 113,00 126,00 106,00 114,00 115,00 134,00 99,00 105,00 119,00 109,00 110,00 118,00 84,00 142,00 98,00 124,00 112,00 103,00 98,00 125,00 120,00 123,00 122,00 122,00 129,00 132,00 110,00 91,00 115,00 128,00 100,00 110,00 127,00 107,00 102,00 127,00 120,00 97,00 112,00 107,00 128,00 105,00 
93,00 107,00 100,00 95,00 94,00 91,00 110,00 78,00 97,00 101,00 101,00 112,00 98,00 97,00 105,00 119,00 105,00 108,00 87,00 122,00 109,00 118,00 97,00 96,00 96,00 82,00 113,00 97,00 109,00 92,00 105,00 99,00 84,00 115,00 112,00 94,00 110,00 113,00 97,00 89,00 105,00 124,00 88,00 99,00 89,00 98,00 109,00 111,00 85,00 125,00 100,00 113,00 114,00 115,00 94,00 120,00 102,00 95,00 108,00 123,00 104,00 100,00 101,00 112,00 93,00 97,00 106,00 111,00 87,00 114,00 91,00 136,00 84,00 113,00 104,00 115,00 85,00 104,00 114,00 112,00 113,00 113,00 118,00 127,00 91,00 81,00 112,00 101,00 99,00 106,00 126,00 112,00 76,00 112,00 112,00 74,00 111,00 113,00 130,00 113,00 
98,00 124,00 106,00 98,00 101,00 76,00 101,00 105,00 82,00 102,00 110,00 94,00 97,00 95,00 119,00 116,00 116,00 97,00 92,00 118,00 117,00 111,00 104,00 94,00 99,00 73,00 94,00 98,00 104,00 97,00 96,00 97,00 86,00 106,00 111,00 95,00 113,00 104,00 103,00 104,00 105,00 109,00 87,00 97,00 87,00 93,00 104,00 112,00 91,00 121,00 104,00 127,00 115,00 108,00 99,00 126,00 103,00 106,00 109,00 115,00 103,00 96,00 97,00 118,00 81,00 100,00 105,00 111,00 94,00 115,00 83,00 126,00 93,00 128,00 117,00 113,00 77,00 112,00 104,00 110,00 101,00 92,00 105,00 128,00 95,00 87,00 113,00 122,00 90,00 99,00 114,00 118,00 92,00 107,00 123,00 69,00 96,00 97,00 107,00 90,00 
92,00 100,00 103,00 83,00 84,00 91,00 104,00 84,00 76,00 93,00 93,00 114,00 93,00 98,00 101,00 94,00 100,00 103,00 90,00 107,00 93,00 104,00 89,00 79,00 92,00 74,00 88,00 105,00 91,00 92,00 101,00 82,00 86,00 95,00 109,00 82,00 110,00 94,00 92,00 101,00 106,00 116,00 83,00 81,00 87,00 95,00 101,00 111,00 90,00 110,00 81,00 100,00 109,00 107,00 96,00 108,00 96,00 99,00 103,00 110,00 94,00 98,00 88,00 110,00 91,00 95,00 91,00 101,00 94,00 102,00 98,00 117,00 74,00 113,00 86,00 88,00 81,00 102,00 103,00 105,00 107,00 103,00 102,00 121,00 93,00 90,00 100,00 102,00 93,00 105,00 117,00 94,00 81,00 106,00 103,00 71,00 108,00 105,00 118,00 80,00 
99,00 107,00 110,00 90,00 94,00 81,00 105,00 86,00 86,00 99,00 97,00 115,00 111,00 98,00 113,00 104,00 112,00 98,00 94,00 112,00 99,00 120,00 85,00 96,00 94,00 78,00 104,00 103,00 88,00 94,00 97,00 80,00 83,00 107,00 111,00 92,00 106,00 111,00 89,00 97,00 102,00 113,00 75,00 84,00 90,00 103,00 103,00 106,00 77,00 116,00 72,00 109,00 115,00 98,00 89,00 110,00 98,00 103,00 115,00 118,00 94,00 104,00 96,00 104,00 87,00 96,00 104,00 103,00 99,00 104,00 75,00 129,00 83,00 108,00 92,00 102,00 79,00 105,00 101,00 100,00 107,00 113,00 104,00 121,00 86,00 72,00 111,00 110,00 100,00 105,00 111,00 110,00 86,00 101,00 101,00 86,00 111,00 89,00 109,00 92,00 
79,00 80,00 82,00 65,00 65,00 65,00 86,00 75,00 76,00 74,00 90,00 90,00 78,00 89,00 83,00 92,00 87,00 86,00 65,00 100,00 78,00 95,00 90,00 68,00 79,00 75,00 77,00 77,00 101,00 87,00 77,00 88,00 66,00 94,00 94,00 68,00 102,00 83,00 69,00 80,00 91,00 97,00 76,00 76,00 62,00 76,00 88,00 92,00 77,00 91,00 73,00 93,00 102,00 80,00 89,00 93,00 79,00 80,00 96,00 97,00 69,00 75,00 84,00 99,00 70,00 74,00 92,00 79,00 80,00 89,00 69,00 98,00 64,00 76,00 84,00 88,00 73,00 93,00 94,00 85,00 74,00 76,00 94,00 102,00 82,00 79,00 90,00 96,00 74,00 87,00 89,00 83,00 63,00 82,00 92,00 60,00 95,00 77,00 97,00 76,00 
123,00 114,00 118,00 110,00 106,00 93,00 112,00 100,00 103,00 99,00 115,00 120,00 114,00 112,00 123,00 123,00 123,00 113,00 91,00 114,00 116,00 132,00 112,00 103,00 121,00 100,00 104,00 119,00 115,00 105,00 114,00 118,00 93,00 103,00 113,00 99,00 114,00 122,00 108,00 112,00 116,00 120,00 89,00 98,00 92,00 99,00 97,00 126,00 111,00 121,00 116,00 120,00 134,00 121,00 100,00 121,00 106,00 106,00 121,00 115,00 112,00 122,00 121,00 133,00 100,00 115,00 109,00 115,00 116,00 118,00 107,00 138,00 97,00 120,00 119,00 113,00 89,00 125,00 108,00 131,00 120,00 122,00 114,00 137,00 114,00 97,00 119,00 121,00 104,00 127,00 121,00 93,00 92,00 120,00 130,00 94,00 117,00 110,00 124,00 101,00 
121,00 140,00 131,00 107,00 129,00 101,00 129,00 124,00 89,00 111,00 133,00 122,00 128,00 113,00 140,00 123,00 130,00 122,00 106,00 143,00 137,00 142,00 127,00 110,00 125,00 109,00 118,00 128,00 125,00 118,00 134,00 124,00 95,00 108,00 137,00 114,00 128,00 125,00 116,00 115,00 124,00 132,00 109,00 125,00 95,00 130,00 120,00 137,00 116,00 136,00 116,00 133,00 131,00 133,00 122,00 142,00 128,00 109,00 132,00 138,00 113,00 135,00 116,00 147,00 99,00 122,00 118,00 125,00 126,00 139,00 101,00 156,00 113,00 150,00 139,00 115,00 111,00 141,00 125,00 127,00 125,00 123,00 134,00 152,00 114,00 111,00 135,00 142,00 122,00 122,00 149,00 127,00 103,00 120,00 141,00 116,00 131,00 113,00 131,00 124,00 
107,00 109,00 100,00 84,00 95,00 88,00 111,00 92,00 75,00 103,00 102,00 111,00 95,00 105,00 116,00 93,00 113,00 108,00 109,00 112,00 101,00 108,00 112,00 93,00 106,00 93,00 100,00 107,00 101,00 95,00 107,00 90,00 76,00 90,00 101,00 84,00 114,00 108,00 103,00 98,00 105,00 106,00 82,00 96,00 90,00 99,00 101,00 110,00 88,00 118,00 92,00 109,00 107,00 114,00 111,00 110,00 100,00 99,00 117,00 114,00 97,00 103,00 108,00 119,00 81,00 98,00 95,00 112,00 101,00 107,00 86,00 123,00 96,00 112,00 104,00 111,00 79,00 105,00 108,00 102,00 109,00 104,00 119,00 125,00 104,00 93,00 102,00 123,00 101,00 103,00 115,00 98,00 94,00 109,00 111,00 78,00 121,00 99,00 111,00 93,00 
97,00 103,00 100,00 95,00 90,00 71,00 104,00 87,00 77,00 91,00 95,00 108,00 94,00 99,00 108,00 101,00 89,00 114,00 88,00 97,00 90,00 101,00 108,00 94,00 101,00 83,00 100,00 98,00 92,00 80,00 116,00 99,00 70,00 81,00 104,00 81,00 104,00 115,00 94,00 90,00 99,00 105,00 79,00 87,00 84,00 104,00 86,00 110,00 87,00 114,00 86,00 121,00 110,00 105,00 86,00 102,00 90,00 80,00 99,00 99,00 92,00 101,00 100,00 109,00 94,00 86,00 97,00 99,00 92,00 108,00 83,00 116,00 92,00 110,00 91,00 92,00 76,00 105,00 99,00 99,00 111,00 101,00 91,00 128,00 99,00 72,00 101,00 105,00 90,00 106,00 114,00 91,00 68,00 105,00 101,00 94,00 111,00 94,00 98,00 89,00 
99,00 97,00 94,00 86,00 94,00 75,00 92,00 88,00 83,00 91,00 87,00 94,00 93,00 89,00 100,00 98,00 105,00 87,00 90,00 106,00 90,00 96,00 89,00 81,00 90,00 76,00 97,00 98,00 96,00 89,00 91,00 91,00 71,00 91,00 108,00 87,00 105,00 87,00 75,00 92,00 87,00 98,00 77,00 84,00 87,00 87,00 87,00 103,00 77,00 113,00 79,00 103,00 108,00 90,00 81,00 108,00 89,00 73,00 105,00 108,00 92,00 93,00 83,00 91,00 69,00 84,00 87,00 95,00 86,00 105,00 77,00 115,00 64,00 95,00 85,00 91,00 69,00 100,00 84,00 82,00 108,00 83,00 94,00 109,00 82,00 85,00 106,00 93,00 104,00 83,00 103,00 97,00 73,00 89,00 96,00 77,00 107,00 85,00 97,00 95,00 
117,00 132,00 121,00 100,00 116,00 97,00 115,00 111,00 88,00 113,00 114,00 107,00 101,00 110,00 134,00 111,00 121,00 121,00 98,00 131,00 124,00 118,00 128,00 93,00 116,00 96,00 115,00 118,00 110,00 109,00 111,00 108,00 100,00 131,00 123,00 106,00 123,00 120,00 98,00 105,00 114,00 118,00 111,00 114,00 122,00 114,00 116,00 130,00 106,00 134,00 129,00 122,00 124,00 113,00 118,00 140,00 111,00 107,00 121,00 130,00 112,00 114,00 117,00 122,00 105,00 113,00 123,00 119,00 106,00 118,00 91,00 146,00 104,00 124,00 105,00 126,00 98,00 119,00 118,00 112,00 121,00 111,00 124,00 135,00 105,00 93,00 121,00 130,00 106,00 111,00 129,00 117,00 91,00 128,00 118,00 78,00 117,00 120,00 125,00 109,00 
104,00 115,00 123,00 97,00 97,00 88,00 110,00 108,00 99,00 110,00 108,00 112,00 102,00 112,00 127,00 115,00 120,00 116,00 108,00 115,00 106,00 107,00 114,00 91,00 103,00 92,00 110,00 117,00 114,00 115,00 124,00 97,00 90,00 114,00 126,00 93,00 117,00 123,00 108,00 103,00 108,00 121,00 89,00 107,00 92,00 109,00 117,00 129,00 98,00 123,00 106,00 142,00 120,00 122,00 107,00 128,00 110,00 104,00 119,00 122,00 117,00 121,00 101,00 128,00 97,00 109,00 115,00 117,00 101,00 124,00 98,00 138,00 91,00 123,00 102,00 121,00 91,00 132,00 112,00 113,00 124,00 111,00 118,00 143,00 120,00 93,00 113,00 123,00 112,00 123,00 130,00 114,00 96,00 119,00 114,00 96,00 125,00 107,00 125,00 107,00 
101,00 115,00 99,00 89,00 95,00 93,00 110,00 89,00 82,00 100,00 112,00 104,00 103,00 109,00 114,00 111,00 115,00 113,00 85,00 117,00 107,00 126,00 100,00 99,00 107,00 92,00 103,00 107,00 101,00 100,00 109,00 89,00 84,00 109,00 124,00 86,00 111,00 105,00 96,00 110,00 107,00 110,00 91,00 89,00 85,00 98,00 105,00 121,00 93,00 127,00 96,00 119,00 119,00 117,00 93,00 120,00 108,00 103,00 118,00 127,00 106,00 114,00 88,00 118,00 93,00 93,00 103,00 109,00 93,00 121,00 81,00 129,00 93,00 123,00 106,00 117,00 78,00 101,00 104,00 117,00 115,00 109,00 109,00 140,00 98,00 88,00 117,00 113,00 104,00 109,00 123,00 113,00 80,00 99,00 120,00 82,00 119,00 100,00 103,00 90,00 
111,00 114,00 111,00 82,00 105,00 89,00 112,00 93,00 82,00 100,00 106,00 100,00 101,00 102,00 116,00 105,00 102,00 112,00 98,00 121,00 119,00 114,00 113,00 101,00 100,00 90,00 96,00 99,00 95,00 94,00 106,00 101,00 69,00 91,00 117,00 92,00 109,00 107,00 109,00 95,00 92,00 123,00 86,00 106,00 95,00 108,00 98,00 115,00 91,00 113,00 100,00 115,00 106,00 126,00 92,00 120,00 96,00 90,00 111,00 101,00 103,00 112,00 103,00 117,00 85,00 95,00 118,00 99,00 102,00 111,00 78,00 123,00 100,00 128,00 109,00 103,00 93,00 110,00 107,00 101,00 118,00 99,00 88,00 133,00 96,00 96,00 113,00 112,00 95,00 108,00 118,00 103,00 83,00 103,00 121,00 93,00 112,00 100,00 121,00 83,00 
99,00 105,00 103,00 80,00 100,00 78,00 108,00 89,00 84,00 82,00 91,00 91,00 88,00 100,00 98,00 94,00 108,00 85,00 88,00 113,00 102,00 103,00 89,00 87,00 88,00 75,00 93,00 106,00 91,00 98,00 90,00 87,00 83,00 109,00 109,00 78,00 106,00 95,00 81,00 88,00 101,00 106,00 79,00 92,00 82,00 94,00 86,00 108,00 90,00 118,00 92,00 87,00 108,00 100,00 86,00 99,00 101,00 80,00 114,00 109,00 101,00 94,00 87,00 88,00 82,00 80,00 96,00 103,00 94,00 110,00 80,00 115,00 78,00 104,00 101,00 100,00 70,00 99,00 93,00 108,00 95,00 96,00 90,00 113,00 92,00 94,00 95,00 92,00 91,00 91,00 105,00 93,00 81,00 103,00 121,00 70,00 113,00 95,00 114,00 86,00 
95,00 111,00 104,00 89,00 92,00 85,00 101,00 90,00 92,00 107,00 101,00 106,00 89,00 120,00 114,00 95,00 114,00 106,00 87,00 104,00 115,00 109,00 107,00 100,00 97,00 77,00 93,00 102,00 102,00 87,00 90,00 98,00 81,00 98,00 112,00 93,00 109,00 92,00 84,00 106,00 118,00 98,00 96,00 83,00 89,00 93,00 101,00 109,00 95,00 103,00 87,00 105,00 113,00 107,00 95,00 116,00 96,00 97,00 108,00 112,00 94,00 110,00 91,00 113,00 82,00 92,00 109,00 108,00 95,00 107,00 88,00 123,00 86,00 102,00 96,00 106,00 81,00 110,00 91,00 102,00 99,00 107,00 108,00 126,00 92,00 90,00 106,00 118,00 103,00 107,00 109,00 102,00 76,00 89,00 123,00 96,00 115,00 112,00 119,00 87,00 
105,00 98,00 103,00 90,00 93,00 72,00 96,00 89,00 86,00 97,00 102,00 95,00 100,00 98,00 105,00 90,00 107,00 114,00 90,00 112,00 106,00 105,00 92,00 87,00 90,00 72,00 82,00 106,00 101,00 94,00 90,00 98,00 74,00 91,00 108,00 82,00 105,00 95,00 95,00 87,00 93,00 91,00 83,00 89,00 77,00 91,00 94,00 112,00 97,00 105,00 101,00 107,00 95,00 110,00 89,00 112,00 98,00 90,00 106,00 100,00 83,00 98,00 104,00 105,00 70,00 90,00 95,00 104,00 99,00 107,00 74,00 120,00 86,00 113,00 104,00 90,00 74,00 108,00 101,00 107,00 103,00 92,00 96,00 112,00 94,00 88,00 103,00 110,00 97,00 101,00 107,00 85,00 87,00 98,00 103,00 83,00 105,00 95,00 118,00 82,00 
93,00 114,00 107,00 98,00 100,00 75,00 97,00 93,00 87,00 90,00 111,00 103,00 101,00 93,00 102,00 97,00 118,00 103,00 93,00 107,00 105,00 110,00 93,00 80,00 97,00 77,00 94,00 104,00 90,00 96,00 97,00 87,00 73,00 105,00 112,00 86,00 114,00 105,00 94,00 105,00 101,00 107,00 81,00 96,00 85,00 90,00 93,00 105,00 97,00 106,00 102,00 102,00 104,00 92,00 86,00 105,00 111,00 92,00 107,00 111,00 96,00 106,00 102,00 107,00 87,00 96,00 97,00 98,00 91,00 111,00 85,00 125,00 85,00 111,00 101,00 97,00 81,00 105,00 102,00 103,00 111,00 109,00 96,00 109,00 97,00 97,00 103,00 106,00 88,00 103,00 107,00 105,00 88,00 107,00 109,00 81,00 108,00 105,00 110,00 86,00 
112,00 118,00 121,00 98,00 98,00 95,00 109,00 108,00 95,00 105,00 123,00 112,00 95,00 101,00 115,00 100,00 118,00 110,00 93,00 126,00 119,00 130,00 127,00 87,00 115,00 87,00 102,00 126,00 109,00 104,00 101,00 115,00 78,00 98,00 115,00 98,00 129,00 99,00 97,00 108,00 114,00 109,00 87,00 102,00 98,00 100,00 114,00 119,00 107,00 116,00 114,00 116,00 118,00 117,00 104,00 129,00 97,00 97,00 130,00 118,00 112,00 130,00 112,00 119,00 89,00 103,00 115,00 115,00 102,00 118,00 83,00 132,00 95,00 119,00 109,00 109,00 89,00 124,00 93,00 99,00 116,00 104,00 118,00 126,00 104,00 112,00 109,00 123,00 99,00 110,00 115,00 110,00 87,00 118,00 123,00 97,00 110,00 110,00 131,00 101,00 
96,00 113,00 121,00 103,00 102,00 78,00 112,00 109,00 91,00 95,00 112,00 115,00 108,00 94,00 115,00 102,00 109,00 109,00 91,00 113,00 122,00 120,00 112,00 103,00 92,00 82,00 107,00 116,00 84,00 99,00 110,00 110,00 84,00 102,00 113,00 77,00 122,00 105,00 86,00 104,00 114,00 109,00 94,00 101,00 87,00 106,00 88,00 116,00 100,00 112,00 107,00 108,00 103,00 120,00 102,00 120,00 98,00 93,00 110,00 112,00 98,00 111,00 95,00 115,00 98,00 89,00 115,00 111,00 95,00 106,00 83,00 131,00 90,00 115,00 106,00 100,00 78,00 116,00 103,00 115,00 100,00 110,00 99,00 117,00 100,00 81,00 112,00 115,00 96,00 106,00 115,00 112,00 77,00 99,00 115,00 91,00 108,00 117,00 112,00 82,00 
106,00 133,00 117,00 113,00 106,00 101,00 119,00 114,00 91,00 105,00 123,00 117,00 108,00 115,00 129,00 115,00 133,00 109,00 103,00 124,00 116,00 123,00 116,00 96,00 116,00 100,00 105,00 121,00 121,00 107,00 113,00 104,00 89,00 115,00 113,00 98,00 112,00 109,00 115,00 110,00 117,00 116,00 96,00 103,00 104,00 111,00 110,00 125,00 97,00 122,00 98,00 121,00 112,00 113,00 118,00 126,00 111,00 119,00 110,00 129,00 114,00 121,00 118,00 116,00 90,00 118,00 128,00 120,00 112,00 111,00 91,00 137,00 98,00 118,00 110,00 116,00 93,00 118,00 105,00 121,00 120,00 117,00 110,00 147,00 107,00 98,00 127,00 124,00 111,00 113,00 121,00 120,00 88,00 112,00 124,00 99,00 125,00 113,00 131,00 107,00 
86,00 99,00 99,00 83,00 76,00 69,00 83,00 76,00 69,00 85,00 94,00 89,00 85,00 95,00 94,00 92,00 89,00 98,00 78,00 101,00 90,00 93,00 96,00 74,00 84,00 71,00 81,00 90,00 93,00 81,00 75,00 80,00 68,00 81,00 101,00 80,00 100,00 78,00 85,00 85,00 88,00 89,00 80,00 81,00 81,00 79,00 77,00 103,00 86,00 98,00 85,00 92,00 97,00 89,00 80,00 110,00 80,00 79,00 86,00 97,00 91,00 89,00 84,00 103,00 67,00 81,00 98,00 91,00 82,00 86,00 76,00 111,00 74,00 93,00 88,00 83,00 56,00 91,00 89,00 85,00 73,00 73,00 87,00 105,00 85,00 82,00 103,00 104,00 93,00 92,00 96,00 81,00 69,00 82,00 98,00 74,00 92,00 94,00 89,00 66,00 
89,00 98,00 99,00 89,00 91,00 72,00 94,00 79,00 68,00 96,00 95,00 92,00 91,00 95,00 100,00 93,00 100,00 106,00 87,00 102,00 91,00 85,00 102,00 86,00 97,00 74,00 88,00 87,00 87,00 87,00 95,00 83,00 67,00 86,00 102,00 74,00 99,00 105,00 86,00 87,00 84,00 107,00 84,00 86,00 86,00 91,00 75,00 110,00 81,00 102,00 86,00 112,00 94,00 92,00 78,00 95,00 87,00 79,00 107,00 101,00 92,00 87,00 91,00 97,00 79,00 81,00 87,00 95,00 83,00 109,00 75,00 124,00 81,00 104,00 95,00 96,00 72,00 102,00 97,00 88,00 106,00 94,00 95,00 114,00 87,00 85,00 93,00 93,00 88,00 94,00 101,00 89,00 81,00 102,00 101,00 80,00 104,00 89,00 84,00 87,00 
89,00 87,00 95,00 88,00 91,00 75,00 80,00 80,00 78,00 93,00 91,00 102,00 77,00 91,00 88,00 92,00 101,00 94,00 80,00 98,00 94,00 93,00 106,00 77,00 103,00 75,00 80,00 98,00 92,00 90,00 85,00 85,00 82,00 78,00 92,00 72,00 106,00 86,00 86,00 90,00 89,00 101,00 85,00 83,00 90,00 92,00 88,00 101,00 94,00 107,00 92,00 98,00 104,00 101,00 92,00 115,00 86,00 90,00 97,00 93,00 94,00 98,00 94,00 99,00 77,00 93,00 89,00 95,00 103,00 81,00 87,00 107,00 78,00 101,00 83,00 95,00 78,00 88,00 86,00 103,00 99,00 93,00 95,00 115,00 98,00 78,00 108,00 104,00 90,00 91,00 105,00 93,00 75,00 103,00 96,00 70,00 89,00 97,00 116,00 82,00 
102,00 109,00 123,00 102,00 101,00 91,00 100,00 99,00 100,00 99,00 113,00 109,00 109,00 104,00 118,00 105,00 125,00 113,00 98,00 131,00 117,00 127,00 122,00 94,00 111,00 101,00 100,00 121,00 127,00 109,00 107,00 119,00 78,00 98,00 123,00 109,00 114,00 121,00 92,00 106,00 112,00 114,00 97,00 101,00 118,00 103,00 111,00 118,00 110,00 129,00 110,00 121,00 102,00 116,00 102,00 125,00 106,00 80,00 112,00 112,00 102,00 118,00 109,00 120,00 86,00 98,00 116,00 111,00 104,00 115,00 81,00 141,00 103,00 120,00 113,00 106,00 99,00 117,00 107,00 122,00 120,00 113,00 109,00 133,00 107,00 97,00 112,00 129,00 105,00 103,00 128,00 114,00 90,00 112,00 113,00 93,00 107,00 106,00 130,00 104,00 
111,00 105,00 108,00 96,00 101,00 90,00 116,00 82,00 85,00 98,00 101,00 83,00 97,00 111,00 117,00 109,00 118,00 116,00 89,00 125,00 91,00 110,00 113,00 82,00 120,00 95,00 102,00 104,00 102,00 98,00 104,00 104,00 79,00 101,00 133,00 78,00 121,00 106,00 103,00 105,00 100,00 116,00 88,00 96,00 94,00 114,00 105,00 121,00 98,00 115,00 97,00 109,00 125,00 111,00 102,00 129,00 103,00 87,00 103,00 123,00 94,00 108,00 103,00 123,00 87,00 94,00 87,00 104,00 93,00 121,00 83,00 119,00 91,00 113,00 106,00 100,00 80,00 105,00 97,00 105,00 114,00 107,00 100,00 133,00 87,00 102,00 103,00 124,00 101,00 106,00 117,00 98,00 73,00 106,00 117,00 97,00 122,00 98,00 112,00 98,00 
115,00 115,00 125,00 96,00 101,00 100,00 135,00 102,00 102,00 110,00 115,00 110,00 112,00 105,00 135,00 115,00 122,00 116,00 110,00 130,00 104,00 122,00 122,00 106,00 112,00 96,00 100,00 118,00 110,00 109,00 126,00 104,00 94,00 111,00 126,00 101,00 115,00 121,00 113,00 105,00 113,00 129,00 94,00 97,00 102,00 121,00 126,00 134,00 105,00 133,00 117,00 134,00 123,00 132,00 102,00 126,00 115,00 122,00 133,00 118,00 122,00 122,00 118,00 134,00 105,00 91,00 121,00 115,00 110,00 122,00 90,00 135,00 99,00 124,00 115,00 125,00 97,00 121,00 108,00 120,00 129,00 123,00 115,00 145,00 105,00 102,00 115,00 136,00 107,00 127,00 126,00 115,00 98,00 115,00 129,00 102,00 134,00 104,00 131,00 100,00 
94,00 103,00 103,00 93,00 95,00 81,00 123,00 97,00 82,00 96,00 98,00 96,00 95,00 87,00 122,00 95,00 106,00 94,00 97,00 97,00 103,00 93,00 95,00 96,00 102,00 80,00 106,00 93,00 91,00 88,00 101,00 98,00 74,00 92,00 93,00 80,00 117,00 106,00 75,00 95,00 84,00 108,00 84,00 92,00 91,00 100,00 86,00 114,00 88,00 115,00 94,00 101,00 99,00 114,00 89,00 111,00 90,00 91,00 101,00 105,00 93,00 102,00 86,00 105,00 83,00 90,00 97,00 104,00 105,00 102,00 80,00 123,00 82,00 115,00 108,00 96,00 84,00 98,00 92,00 97,00 101,00 101,00 93,00 113,00 85,00 81,00 106,00 105,00 92,00 89,00 103,00 97,00 93,00 96,00 112,00 79,00 112,00 98,00 98,00 83,00 
92,00 110,00 111,00 97,00 95,00 88,00 107,00 82,00 82,00 112,00 105,00 100,00 101,00 116,00 111,00 108,00 120,00 114,00 87,00 104,00 102,00 101,00 103,00 85,00 95,00 82,00 97,00 98,00 92,00 87,00 103,00 78,00 80,00 106,00 104,00 66,00 113,00 103,00 107,00 99,00 108,00 112,00 85,00 92,00 90,00 101,00 103,00 115,00 79,00 120,00 102,00 108,00 111,00 106,00 97,00 113,00 94,00 84,00 101,00 133,00 96,00 102,00 99,00 102,00 91,00 94,00 87,00 107,00 85,00 107,00 89,00 123,00 83,00 99,00 94,00 113,00 80,00 99,00 109,00 102,00 111,00 117,00 112,00 135,00 82,00 84,00 118,00 107,00 85,00 95,00 102,00 100,00 78,00 105,00 114,00 76,00 111,00 95,00 106,00 97,00 
106,00 111,00 89,00 92,00 87,00 85,00 96,00 80,00 87,00 101,00 105,00 108,00 94,00 102,00 107,00 97,00 102,00 107,00 85,00 104,00 99,00 115,00 100,00 98,00 100,00 77,00 104,00 96,00 94,00 91,00 105,00 95,00 84,00 99,00 103,00 80,00 104,00 113,00 98,00 86,00 108,00 117,00 83,00 91,00 86,00 104,00 94,00 106,00 91,00 121,00 83,00 113,00 108,00 114,00 86,00 111,00 97,00 99,00 110,00 113,00 102,00 105,00 92,00 111,00 91,00 85,00 116,00 102,00 84,00 105,00 80,00 126,00 80,00 103,00 100,00 122,00 89,00 103,00 99,00 113,00 115,00 94,00 100,00 128,00 91,00 80,00 103,00 112,00 106,00 110,00 109,00 89,00 83,00 100,00 108,00 77,00 111,00 95,00 110,00 89,00 
81,00 114,00 114,00 84,00 80,00 91,00 98,00 88,00 75,00 84,00 109,00 105,00 91,00 97,00 101,00 109,00 109,00 99,00 94,00 106,00 109,00 112,00 100,00 82,00 102,00 77,00 93,00 109,00 93,00 104,00 105,00 103,00 84,00 100,00 94,00 92,00 105,00 108,00 83,00 105,00 98,00 107,00 89,00 93,00 92,00 96,00 95,00 107,00 94,00 111,00 96,00 117,00 109,00 102,00 97,00 114,00 89,00 93,00 100,00 116,00 93,00 97,00 93,00 118,00 90,00 89,00 97,00 104,00 95,00 109,00 83,00 125,00 79,00 116,00 100,00 105,00 78,00 109,00 91,00 100,00 111,00 99,00 111,00 115,00 100,00 82,00 112,00 108,00 100,00 96,00 112,00 103,00 83,00 111,00 114,00 81,00 93,00 101,00 104,00 96,00 
91,00 98,00 80,00 84,00 85,00 87,00 100,00 88,00 82,00 95,00 93,00 101,00 85,00 89,00 105,00 92,00 103,00 101,00 85,00 85,00 92,00 113,00 97,00 82,00 103,00 79,00 90,00 93,00 95,00 83,00 93,00 104,00 87,00 96,00 97,00 86,00 99,00 104,00 93,00 97,00 97,00 97,00 69,00 84,00 87,00 85,00 100,00 110,00 85,00 109,00 92,00 102,00 101,00 105,00 93,00 109,00 92,00 94,00 108,00 113,00 87,00 103,00 84,00 113,00 93,00 84,00 81,00 99,00 81,00 102,00 72,00 119,00 82,00 118,00 101,00 98,00 76,00 93,00 90,00 104,00 101,00 99,00 97,00 113,00 98,00 74,00 88,00 118,00 81,00 88,00 97,00 92,00 85,00 103,00 108,00 78,00 87,00 95,00 107,00 89,00 
99,00 111,00 114,00 97,00 107,00 87,00 105,00 93,00 84,00 99,00 105,00 101,00 98,00 99,00 103,00 118,00 106,00 116,00 97,00 110,00 118,00 117,00 105,00 105,00 101,00 87,00 110,00 110,00 101,00 89,00 109,00 109,00 83,00 93,00 106,00 93,00 106,00 109,00 104,00 105,00 109,00 109,00 90,00 105,00 81,00 100,00 101,00 113,00 91,00 130,00 106,00 122,00 110,00 125,00 99,00 127,00 100,00 90,00 114,00 120,00 109,00 107,00 103,00 121,00 82,00 96,00 109,00 108,00 99,00 110,00 90,00 123,00 90,00 118,00 111,00 114,00 86,00 111,00 100,00 104,00 121,00 98,00 104,00 131,00 99,00 94,00 114,00 116,00 110,00 103,00 123,00 110,00 79,00 120,00 124,00 91,00 97,00 106,00 109,00 95,00 
82,00 110,00 100,00 91,00 89,00 72,00 103,00 87,00 83,00 85,00 94,00 95,00 93,00 98,00 102,00 111,00 99,00 100,00 90,00 95,00 102,00 106,00 96,00 89,00 89,00 82,00 93,00 98,00 101,00 79,00 99,00 91,00 80,00 95,00 101,00 82,00 94,00 102,00 91,00 99,00 101,00 100,00 79,00 94,00 81,00 89,00 92,00 104,00 78,00 102,00 94,00 101,00 101,00 107,00 79,00 120,00 87,00 85,00 103,00 117,00 100,00 105,00 78,00 113,00 84,00 91,00 97,00 105,00 85,00 109,00 86,00 102,00 69,00 90,00 84,00 103,00 76,00 106,00 90,00 92,00 103,00 101,00 103,00 121,00 91,00 83,00 100,00 98,00 97,00 101,00 108,00 101,00 65,00 104,00 110,00 80,00 98,00 106,00 101,00 84,00 
103,00 116,00 114,00 83,00 105,00 75,00 102,00 99,00 76,00 93,00 98,00 103,00 95,00 106,00 101,00 116,00 107,00 104,00 78,00 113,00 100,00 107,00 114,00 87,00 115,00 93,00 89,00 113,00 109,00 97,00 113,00 102,00 94,00 101,00 114,00 78,00 104,00 112,00 93,00 101,00 102,00 117,00 88,00 100,00 98,00 97,00 95,00 119,00 98,00 125,00 109,00 121,00 120,00 111,00 96,00 123,00 106,00 94,00 107,00 110,00 104,00 113,00 92,00 116,00 92,00 98,00 98,00 97,00 107,00 114,00 91,00 126,00 93,00 117,00 108,00 112,00 84,00 106,00 108,00 120,00 102,00 110,00 103,00 128,00 100,00 84,00 110,00 117,00 94,00 100,00 111,00 94,00 85,00 116,00 115,00 92,00 110,00 93,00 108,00 105,00 
83,00 87,00 88,00 75,00 76,00 69,00 90,00 73,00 73,00 79,00 75,00 80,00 87,00 78,00 101,00 86,00 83,00 84,00 70,00 93,00 81,00 89,00 79,00 80,00 74,00 69,00 86,00 91,00 72,00 83,00 83,00 67,00 68,00 73,00 101,00 76,00 78,00 78,00 80,00 75,00 81,00 89,00 76,00 67,00 61,00 84,00 79,00 95,00 66,00 91,00 81,00 83,00 82,00 90,00 76,00 102,00 83,00 68,00 85,00 86,00 83,00 87,00 75,00 86,00 76,00 70,00 85,00 99,00 71,00 91,00 68,00 102,00 67,00 88,00 88,00 92,00 68,00 86,00 82,00 85,00 86,00 83,00 99,00 89,00 78,00 68,00 92,00 86,00 86,00 86,00 98,00 76,00 72,00 83,00 99,00 71,00 87,00 70,00 86,00 74,00 
88,00 109,00 107,00 97,00 104,00 84,00 124,00 100,00 84,00 99,00 96,00 109,00 103,00 102,00 112,00 116,00 113,00 104,00 97,00 112,00 112,00 94,00 112,00 91,00 111,00 77,00 115,00 91,00 104,00 85,00 105,00 86,00 83,00 114,00 104,00 92,00 108,00 107,00 98,00 87,00 93,00 117,00 88,00 93,00 88,00 97,00 93,00 113,00 92,00 111,00 103,00 103,00 108,00 104,00 99,00 114,00 105,00 95,00 110,00 119,00 110,00 97,00 98,00 121,00 95,00 96,00 113,00 107,00 106,00 104,00 100,00 122,00 74,00 114,00 101,00 110,00 79,00 108,00 104,00 112,00 109,00 116,00 115,00 110,00 98,00 86,00 110,00 106,00 101,00 103,00 117,00 96,00 95,00 116,00 107,00 68,00 121,00 111,00 105,00 93,00 
115,00 115,00 119,00 105,00 110,00 103,00 122,00 99,00 93,00 105,00 111,00 108,00 112,00 117,00 118,00 107,00 126,00 116,00 105,00 120,00 112,00 115,00 117,00 101,00 115,00 79,00 106,00 115,00 112,00 109,00 109,00 104,00 90,00 109,00 112,00 102,00 122,00 110,00 108,00 106,00 116,00 114,00 108,00 108,00 107,00 107,00 97,00 127,00 115,00 138,00 119,00 115,00 127,00 118,00 104,00 118,00 112,00 100,00 121,00 130,00 102,00 123,00 122,00 122,00 97,00 102,00 116,00 111,00 103,00 126,00 94,00 142,00 102,00 127,00 125,00 112,00 94,00 125,00 115,00 108,00 126,00 123,00 120,00 139,00 103,00 108,00 119,00 123,00 109,00 115,00 119,00 102,00 95,00 119,00 123,00 90,00 131,00 108,00 127,00 104,00 
87,00 108,00 101,00 86,00 86,00 90,00 100,00 105,00 82,00 92,00 98,00 107,00 83,00 100,00 104,00 104,00 115,00 115,00 95,00 116,00 106,00 116,00 112,00 92,00 103,00 83,00 98,00 104,00 109,00 107,00 97,00 98,00 80,00 92,00 112,00 96,00 115,00 98,00 97,00 103,00 98,00 108,00 93,00 99,00 84,00 90,00 95,00 125,00 96,00 108,00 97,00 119,00 103,00 107,00 96,00 112,00 99,00 87,00 117,00 110,00 98,00 106,00 90,00 111,00 72,00 94,00 105,00 108,00 87,00 107,00 94,00 135,00 96,00 115,00 117,00 107,00 90,00 113,00 104,00 113,00 109,00 100,00 114,00 111,00 105,00 99,00 103,00 112,00 94,00 98,00 114,00 92,00 87,00 108,00 116,00 90,00 118,00 89,00 95,00 90,00 
102,00 107,00 94,00 99,00 87,00 82,00 104,00 89,00 91,00 106,00 100,00 111,00 100,00 104,00 107,00 108,00 106,00 117,00 102,00 105,00 93,00 100,00 104,00 82,00 99,00 90,00 87,00 109,00 102,00 92,00 105,00 100,00 87,00 89,00 109,00 79,00 110,00 116,00 102,00 93,00 108,00 106,00 89,00 92,00 91,00 103,00 96,00 107,00 88,00 111,00 89,00 113,00 103,00 112,00 100,00 116,00 82,00 105,00 103,00 97,00 100,00 105,00 102,00 111,00 85,00 91,00 115,00 104,00 91,00 96,00 88,00 122,00 94,00 98,00 108,00 104,00 91,00 95,00 112,00 107,00 111,00 90,00 99,00 128,00 105,00 88,00 110,00 109,00 94,00 106,00 117,00 111,00 88,00 102,00 129,00 89,00 112,00 97,00 113,00 78,00 
102,00 124,00 123,00 97,00 104,00 103,00 94,00 94,00 74,00 97,00 114,00 106,00 110,00 108,00 114,00 117,00 125,00 116,00 98,00 113,00 99,00 117,00 119,00 80,00 116,00 91,00 110,00 109,00 106,00 102,00 107,00 96,00 82,00 100,00 119,00 100,00 108,00 105,00 106,00 99,00 111,00 100,00 101,00 108,00 99,00 103,00 93,00 128,00 98,00 120,00 105,00 122,00 109,00 102,00 93,00 131,00 104,00 93,00 115,00 127,00 108,00 112,00 106,00 125,00 84,00 94,00 114,00 117,00 99,00 109,00 87,00 140,00 91,00 117,00 114,00 116,00 86,00 122,00 106,00 104,00 115,00 107,00 125,00 123,00 112,00 94,00 119,00 130,00 114,00 106,00 124,00 105,00 90,00 110,00 115,00 103,00 108,00 97,00 99,00 103,00 
80,00 94,00 93,00 81,00 79,00 74,00 95,00 74,00 85,00 88,00 85,00 94,00 89,00 81,00 94,00 93,00 99,00 97,00 79,00 96,00 98,00 98,00 97,00 85,00 96,00 72,00 86,00 99,00 101,00 80,00 87,00 88,00 76,00 95,00 110,00 74,00 106,00 88,00 97,00 79,00 100,00 102,00 77,00 87,00 90,00 75,00 98,00 92,00 83,00 97,00 85,00 102,00 105,00 107,00 96,00 109,00 97,00 92,00 102,00 102,00 96,00 92,00 87,00 110,00 71,00 75,00 111,00 98,00 87,00 99,00 70,00 113,00 66,00 105,00 101,00 86,00 81,00 109,00 98,00 106,00 107,00 89,00 100,00 103,00 92,00 78,00 84,00 115,00 78,00 98,00 107,00 104,00 85,00 112,00 102,00 74,00 84,00 90,00 119,00 80,00 
102,00 105,00 107,00 88,00 88,00 86,00 92,00 78,00 86,00 88,00 95,00 93,00 95,00 90,00 102,00 92,00 103,00 100,00 97,00 95,00 103,00 98,00 102,00 93,00 98,00 73,00 87,00 96,00 103,00 90,00 93,00 94,00 76,00 80,00 108,00 88,00 100,00 102,00 83,00 90,00 98,00 100,00 96,00 78,00 80,00 97,00 86,00 105,00 91,00 105,00 93,00 110,00 95,00 102,00 80,00 113,00 89,00 73,00 119,00 92,00 98,00 103,00 91,00 106,00 73,00 86,00 102,00 102,00 96,00 99,00 90,00 123,00 80,00 103,00 101,00 89,00 89,00 103,00 99,00 94,00 115,00 99,00 95,00 115,00 92,00 88,00 104,00 106,00 91,00 94,00 111,00 89,00 83,00 100,00 112,00 76,00 106,00 90,00 100,00 72,00 
118,00 125,00 138,00 103,00 111,00 100,00 132,00 112,00 90,00 98,00 107,00 107,00 114,00 101,00 132,00 125,00 136,00 118,00 104,00 123,00 121,00 124,00 107,00 104,00 111,00 99,00 107,00 123,00 105,00 107,00 127,00 102,00 90,00 120,00 120,00 99,00 111,00 120,00 102,00 118,00 117,00 121,00 107,00 111,00 105,00 113,00 113,00 121,00 95,00 128,00 103,00 132,00 120,00 123,00 114,00 130,00 115,00 93,00 118,00 117,00 110,00 114,00 113,00 131,00 92,00 98,00 113,00 122,00 111,00 121,00 97,00 133,00 97,00 136,00 117,00 117,00 107,00 121,00 121,00 115,00 129,00 118,00 118,00 137,00 109,00 99,00 129,00 126,00 111,00 106,00 136,00 119,00 89,00 119,00 133,00 86,00 125,00 108,00 120,00 103,00 
115,00 116,00 111,00 89,00 104,00 82,00 113,00 93,00 86,00 107,00 115,00 104,00 100,00 105,00 105,00 110,00 115,00 111,00 90,00 121,00 105,00 119,00 106,00 104,00 104,00 81,00 107,00 100,00 111,00 97,00 112,00 109,00 84,00 108,00 112,00 93,00 116,00 109,00 98,00 110,00 113,00 112,00 90,00 111,00 75,00 107,00 108,00 115,00 89,00 122,00 111,00 121,00 122,00 122,00 103,00 132,00 112,00 96,00 113,00 117,00 92,00 110,00 103,00 124,00 75,00 97,00 104,00 111,00 98,00 121,00 90,00 124,00 84,00 127,00 118,00 102,00 90,00 124,00 108,00 106,00 114,00 114,00 107,00 128,00 102,00 100,00 110,00 130,00 101,00 120,00 118,00 121,00 96,00 114,00 110,00 85,00 118,00 91,00 128,00 98,00 
113,00 108,00 100,00 92,00 89,00 93,00 100,00 103,00 92,00 110,00 93,00 113,00 86,00 98,00 111,00 102,00 119,00 107,00 89,00 111,00 94,00 116,00 102,00 87,00 105,00 79,00 95,00 97,00 89,00 89,00 102,00 90,00 86,00 100,00 115,00 89,00 101,00 109,00 91,00 109,00 104,00 93,00 87,00 80,00 96,00 104,00 103,00 111,00 86,00 117,00 101,00 117,00 112,00 107,00 90,00 119,00 107,00 100,00 93,00 103,00 99,00 118,00 89,00 116,00 87,00 90,00 107,00 107,00 86,00 93,00 87,00 120,00 81,00 99,00 91,00 106,00 76,00 113,00 102,00 95,00 121,00 95,00 104,00 124,00 94,00 86,00 95,00 107,00 95,00 100,00 123,00 117,00 79,00 98,00 97,00 79,00 118,00 105,00 120,00 91,00 
76,00 97,00 92,00 82,00 78,00 91,00 91,00 76,00 73,00 94,00 83,00 108,00 95,00 90,00 91,00 95,00 109,00 96,00 88,00 103,00 89,00 98,00 88,00 92,00 83,00 58,00 98,00 85,00 81,00 87,00 94,00 82,00 73,00 90,00 104,00 86,00 94,00 97,00 93,00 85,00 94,00 104,00 83,00 81,00 66,00 92,00 79,00 106,00 78,00 97,00 78,00 107,00 98,00 98,00 78,00 102,00 90,00 86,00 95,00 94,00 84,00 91,00 86,00 100,00 78,00 86,00 98,00 92,00 80,00 99,00 90,00 118,00 66,00 109,00 97,00 83,00 69,00 101,00 92,00 102,00 104,00 101,00 84,00 113,00 81,00 77,00 93,00 89,00 83,00 105,00 110,00 100,00 72,00 89,00 99,00 81,00 107,00 94,00 116,00 81,00 
97,00 107,00 115,00 97,00 104,00 95,00 114,00 101,00 93,00 101,00 103,00 106,00 102,00 105,00 122,00 111,00 121,00 110,00 96,00 118,00 102,00 114,00 109,00 84,00 110,00 104,00 104,00 119,00 117,00 95,00 100,00 106,00 89,00 99,00 124,00 90,00 115,00 106,00 101,00 105,00 105,00 112,00 89,00 94,00 104,00 100,00 114,00 117,00 98,00 119,00 105,00 116,00 108,00 116,00 102,00 128,00 102,00 101,00 112,00 124,00 113,00 114,00 106,00 121,00 91,00 101,00 100,00 102,00 102,00 108,00 94,00 126,00 95,00 116,00 104,00 111,00 89,00 111,00 105,00 110,00 106,00 104,00 117,00 119,00 97,00 97,00 107,00 125,00 107,00 98,00 121,00 111,00 91,00 109,00 112,00 91,00 116,00 106,00 119,00 102,00 
103,00 125,00 122,00 91,00 95,00 89,00 116,00 106,00 81,00 107,00 110,00 114,00 101,00 106,00 118,00 114,00 109,00 106,00 108,00 107,00 129,00 112,00 121,00 97,00 106,00 86,00 100,00 108,00 108,00 110,00 108,00 100,00 96,00 106,00 110,00 92,00 113,00 110,00 112,00 88,00 102,00 120,00 93,00 100,00 96,00 112,00 101,00 105,00 100,00 121,00 102,00 110,00 120,00 121,00 103,00 122,00 105,00 100,00 118,00 122,00 115,00 112,00 95,00 135,00 91,00 100,00 122,00 96,00 110,00 113,00 96,00 136,00 76,00 114,00 99,00 112,00 85,00 124,00 113,00 106,00 108,00 97,00 117,00 138,00 105,00 91,00 129,00 120,00 119,00 113,00 126,00 111,00 97,00 114,00 129,00 90,00 110,00 102,00 122,00 101,00 
89,00 107,00 108,00 87,00 89,00 95,00 105,00 97,00 87,00 99,00 94,00 99,00 95,00 97,00 103,00 92,00 118,00 102,00 109,00 115,00 109,00 96,00 106,00 85,00 96,00 65,00 103,00 109,00 79,00 112,00 96,00 93,00 76,00 115,00 114,00 78,00 114,00 90,00 95,00 88,00 100,00 102,00 86,00 101,00 77,00 101,00 94,00 115,00 97,00 107,00 107,00 118,00 107,00 101,00 105,00 119,00 113,00 98,00 110,00 122,00 98,00 112,00 102,00 110,00 87,00 86,00 108,00 103,00 93,00 101,00 94,00 133,00 86,00 123,00 107,00 105,00 68,00 113,00 94,00 115,00 106,00 100,00 104,00 117,00 88,00 75,00 110,00 110,00 90,00 96,00 106,00 107,00 84,00 101,00 111,00 87,00 108,00 101,00 114,00 98,00 
92,00 108,00 115,00 80,00 78,00 73,00 105,00 98,00 72,00 90,00 98,00 93,00 97,00 102,00 105,00 87,00 103,00 97,00 97,00 110,00 108,00 113,00 86,00 83,00 86,00 77,00 90,00 99,00 87,00 88,00 88,00 92,00 77,00 103,00 97,00 85,00 109,00 91,00 72,00 90,00 92,00 90,00 79,00 87,00 94,00 104,00 93,00 113,00 91,00 94,00 89,00 100,00 93,00 102,00 93,00 102,00 82,00 79,00 101,00 110,00 90,00 86,00 84,00 102,00 77,00 85,00 102,00 109,00 86,00 88,00 73,00 128,00 93,00 95,00 90,00 91,00 65,00 101,00 96,00 92,00 90,00 85,00 97,00 111,00 89,00 87,00 93,00 98,00 99,00 87,00 112,00 84,00 76,00 94,00 109,00 96,00 97,00 94,00 89,00 93,00 
108,00 121,00 111,00 97,00 97,00 88,00 113,00 107,00 88,00 97,00 115,00 117,00 113,00 99,00 115,00 105,00 113,00 112,00 95,00 116,00 118,00 125,00 110,00 105,00 110,00 103,00 108,00 117,00 114,00 105,00 114,00 109,00 78,00 108,00 119,00 87,00 118,00 111,00 97,00 108,00 110,00 117,00 98,00 100,00 90,00 106,00 105,00 117,00 89,00 128,00 105,00 118,00 118,00 125,00 99,00 129,00 104,00 95,00 111,00 117,00 94,00 118,00 99,00 134,00 91,00 107,00 100,00 114,00 111,00 108,00 92,00 141,00 100,00 132,00 115,00 106,00 83,00 111,00 126,00 111,00 114,00 101,00 118,00 132,00 101,00 92,00 121,00 122,00 96,00 108,00 120,00 109,00 87,00 108,00 116,00 84,00 116,00 106,00 114,00 103,00 
112,00 111,00 122,00 102,00 104,00 95,00 114,00 101,00 99,00 105,00 106,00 100,00 97,00 107,00 115,00 110,00 117,00 121,00 97,00 110,00 123,00 115,00 118,00 97,00 122,00 86,00 110,00 109,00 119,00 96,00 104,00 105,00 94,00 104,00 114,00 94,00 110,00 113,00 114,00 111,00 110,00 111,00 101,00 102,00 97,00 103,00 106,00 127,00 92,00 124,00 109,00 125,00 105,00 114,00 107,00 134,00 117,00 104,00 101,00 125,00 114,00 118,00 110,00 126,00 81,00 104,00 120,00 106,00 106,00 118,00 95,00 137,00 96,00 118,00 118,00 121,00 87,00 110,00 106,00 121,00 121,00 112,00 113,00 127,00 104,00 97,00 116,00 126,00 110,00 114,00 120,00 103,00 101,00 124,00 119,00 88,00 116,00 106,00 120,00 101,00 
87,00 109,00 95,00 86,00 92,00 79,00 100,00 90,00 74,00 93,00 102,00 94,00 87,00 92,00 101,00 82,00 102,00 89,00 95,00 97,00 97,00 99,00 112,00 95,00 91,00 63,00 97,00 87,00 93,00 97,00 92,00 97,00 72,00 82,00 106,00 92,00 97,00 92,00 85,00 96,00 97,00 92,00 85,00 91,00 80,00 91,00 90,00 125,00 81,00 111,00 105,00 94,00 90,00 103,00 82,00 118,00 91,00 86,00 100,00 111,00 97,00 110,00 94,00 102,00 83,00 87,00 97,00 108,00 88,00 96,00 83,00 120,00 80,00 105,00 101,00 97,00 69,00 108,00 94,00 93,00 106,00 101,00 105,00 112,00 88,00 90,00 96,00 107,00 99,00 97,00 104,00 97,00 81,00 95,00 104,00 86,00 111,00 90,00 98,00 86,00 
102,00 110,00 108,00 97,00 91,00 90,00 115,00 104,00 89,00 109,00 105,00 110,00 87,00 99,00 118,00 106,00 116,00 123,00 95,00 110,00 110,00 108,00 107,00 95,00 106,00 84,00 104,00 101,00 108,00 88,00 111,00 106,00 70,00 98,00 109,00 94,00 120,00 105,00 100,00 112,00 96,00 111,00 79,00 93,00 89,00 99,00 102,00 127,00 91,00 107,00 107,00 115,00 101,00 118,00 105,00 121,00 100,00 80,00 100,00 123,00 104,00 104,00 101,00 108,00 84,00 94,00 100,00 113,00 95,00 111,00 92,00 125,00 90,00 118,00 98,00 103,00 80,00 114,00 105,00 101,00 114,00 112,00 107,00 122,00 109,00 92,00 102,00 109,00 90,00 102,00 122,00 107,00 88,00 102,00 118,00 96,00 120,00 112,00 110,00 84,00 
92,00 100,00 87,00 81,00 94,00 81,00 96,00 71,00 78,00 91,00 88,00 81,00 89,00 90,00 104,00 96,00 104,00 84,00 88,00 100,00 90,00 89,00 107,00 91,00 86,00 78,00 91,00 89,00 95,00 97,00 89,00 86,00 73,00 96,00 84,00 86,00 97,00 88,00 77,00 86,00 99,00 100,00 92,00 100,00 100,00 89,00 74,00 97,00 83,00 116,00 100,00 91,00 102,00 102,00 92,00 98,00 98,00 85,00 90,00 111,00 85,00 91,00 96,00 98,00 86,00 86,00 96,00 98,00 95,00 100,00 79,00 113,00 80,00 104,00 98,00 106,00 79,00 95,00 94,00 93,00 99,00 96,00 97,00 116,00 75,00 75,00 97,00 97,00 79,00 84,00 103,00 100,00 76,00 97,00 112,00 62,00 98,00 89,00 111,00 95,00 
92,00 109,00 107,00 86,00 99,00 88,00 104,00 89,00 87,00 92,00 105,00 104,00 103,00 105,00 114,00 105,00 114,00 105,00 91,00 110,00 110,00 112,00 98,00 95,00 113,00 86,00 100,00 106,00 99,00 90,00 105,00 107,00 80,00 103,00 117,00 80,00 111,00 103,00 97,00 88,00 108,00 123,00 89,00 93,00 87,00 108,00 98,00 112,00 85,00 113,00 92,00 105,00 115,00 97,00 91,00 106,00 92,00 94,00 119,00 117,00 93,00 107,00 101,00 117,00 87,00 82,00 113,00 101,00 86,00 115,00 80,00 129,00 96,00 108,00 117,00 116,00 85,00 103,00 102,00 111,00 113,00 110,00 112,00 127,00 95,00 94,00 111,00 114,00 90,00 108,00 114,00 90,00 77,00 116,00 119,00 99,00 108,00 94,00 106,00 106,00 
92,00 97,00 94,00 80,00 80,00 81,00 100,00 93,00 71,00 90,00 92,00 92,00 85,00 97,00 104,00 93,00 102,00 95,00 101,00 112,00 101,00 98,00 100,00 78,00 86,00 78,00 91,00 95,00 89,00 92,00 96,00 96,00 79,00 91,00 98,00 88,00 103,00 103,00 82,00 94,00 85,00 93,00 81,00 83,00 104,00 93,00 82,00 108,00 94,00 110,00 86,00 113,00 102,00 103,00 93,00 103,00 94,00 88,00 93,00 106,00 98,00 85,00 91,00 98,00 88,00 85,00 93,00 91,00 88,00 102,00 86,00 121,00 80,00 106,00 87,00 92,00 76,00 89,00 89,00 91,00 95,00 92,00 94,00 114,00 89,00 70,00 101,00 89,00 99,00 81,00 110,00 106,00 81,00 84,00 115,00 77,00 103,00 94,00 97,00 91,00 
95,00 119,00 122,00 102,00 108,00 85,00 113,00 92,00 82,00 93,00 115,00 112,00 113,00 104,00 114,00 115,00 117,00 105,00 103,00 118,00 115,00 112,00 118,00 94,00 108,00 79,00 100,00 106,00 108,00 109,00 115,00 102,00 87,00 97,00 98,00 111,00 107,00 110,00 102,00 105,00 117,00 108,00 82,00 112,00 92,00 106,00 106,00 121,00 94,00 127,00 106,00 116,00 116,00 113,00 106,00 119,00 102,00 98,00 114,00 113,00 115,00 109,00 117,00 122,00 86,00 101,00 112,00 107,00 124,00 111,00 95,00 133,00 86,00 112,00 96,00 106,00 86,00 124,00 106,00 116,00 125,00 115,00 123,00 133,00 104,00 93,00 121,00 125,00 117,00 121,00 127,00 116,00 100,00 117,00 117,00 93,00 111,00 105,00 117,00 97,00 
84,00 93,00 86,00 86,00 84,00 79,00 98,00 87,00 75,00 89,00 92,00 93,00 79,00 82,00 85,00 90,00 103,00 101,00 92,00 105,00 99,00 91,00 107,00 87,00 98,00 67,00 85,00 81,00 90,00 76,00 86,00 92,00 67,00 90,00 93,00 83,00 88,00 88,00 91,00 92,00 84,00 97,00 74,00 84,00 83,00 94,00 87,00 105,00 80,00 99,00 93,00 96,00 104,00 103,00 79,00 109,00 85,00 91,00 98,00 107,00 95,00 94,00 93,00 94,00 74,00 84,00 90,00 91,00 80,00 101,00 73,00 102,00 67,00 93,00 82,00 83,00 69,00 102,00 91,00 83,00 106,00 89,00 96,00 106,00 91,00 84,00 96,00 95,00 84,00 90,00 110,00 107,00 69,00 93,00 86,00 72,00 104,00 96,00 101,00 77,00 
84,00 106,00 106,00 85,00 86,00 79,00 87,00 91,00 78,00 76,00 93,00 97,00 87,00 90,00 99,00 107,00 104,00 87,00 82,00 99,00 91,00 97,00 95,00 79,00 98,00 80,00 97,00 98,00 93,00 94,00 90,00 83,00 77,00 85,00 110,00 80,00 91,00 92,00 82,00 96,00 97,00 95,00 88,00 88,00 77,00 98,00 78,00 96,00 83,00 108,00 88,00 111,00 100,00 92,00 82,00 103,00 95,00 79,00 104,00 98,00 96,00 96,00 83,00 100,00 86,00 83,00 103,00 95,00 89,00 98,00 85,00 123,00 78,00 103,00 103,00 101,00 70,00 96,00 88,00 96,00 98,00 81,00 96,00 119,00 97,00 80,00 105,00 98,00 87,00 85,00 114,00 95,00 73,00 100,00 110,00 81,00 93,00 89,00 96,00 95,00 
93,00 102,00 100,00 89,00 78,00 95,00 112,00 89,00 86,00 99,00 97,00 100,00 87,00 110,00 96,00 99,00 109,00 116,00 104,00 107,00 95,00 97,00 101,00 72,00 109,00 80,00 82,00 107,00 104,00 92,00 102,00 100,00 89,00 97,00 104,00 91,00 102,00 110,00 94,00 83,00 93,00 105,00 80,00 89,00 92,00 96,00 101,00 108,00 96,00 122,00 96,00 107,00 110,00 101,00 94,00 115,00 87,00 83,00 106,00 120,00 99,00 106,00 95,00 103,00 77,00 94,00 86,00 110,00 88,00 100,00 90,00 117,00 88,00 94,00 91,00 93,00 77,00 107,00 100,00 103,00 112,00 104,00 112,00 115,00 93,00 78,00 102,00 109,00 90,00 96,00 114,00 110,00 78,00 105,00 103,00 78,00 108,00 91,00 106,00 85,00 
102,00 114,00 106,00 86,00 104,00 87,00 112,00 100,00 89,00 99,00 102,00 106,00 94,00 114,00 114,00 107,00 115,00 111,00 96,00 109,00 113,00 114,00 97,00 101,00 106,00 87,00 97,00 113,00 109,00 107,00 92,00 100,00 86,00 96,00 124,00 85,00 108,00 113,00 92,00 93,00 102,00 109,00 96,00 96,00 92,00 89,00 95,00 115,00 91,00 123,00 99,00 109,00 115,00 107,00 88,00 127,00 98,00 89,00 116,00 123,00 105,00 113,00 90,00 117,00 85,00 94,00 105,00 117,00 109,00 100,00 89,00 129,00 80,00 123,00 104,00 106,00 89,00 123,00 108,00 118,00 111,00 91,00 106,00 124,00 92,00 85,00 107,00 116,00 105,00 108,00 120,00 93,00 74,00 116,00 118,00 90,00 117,00 106,00 115,00 101,00 
91,00 107,00 104,00 92,00 107,00 77,00 106,00 110,00 91,00 87,00 94,00 105,00 95,00 94,00 111,00 110,00 124,00 105,00 107,00 106,00 109,00 108,00 106,00 107,00 87,00 90,00 96,00 110,00 92,00 98,00 109,00 95,00 85,00 101,00 113,00 90,00 95,00 94,00 99,00 113,00 99,00 102,00 81,00 102,00 90,00 105,00 95,00 121,00 85,00 113,00 98,00 105,00 96,00 108,00 95,00 113,00 101,00 91,00 106,00 119,00 98,00 105,00 94,00 105,00 79,00 90,00 102,00 107,00 89,00 115,00 92,00 107,00 88,00 99,00 97,00 99,00 79,00 112,00 87,00 108,00 112,00 115,00 99,00 121,00 100,00 95,00 96,00 114,00 98,00 105,00 113,00 106,00 76,00 105,00 110,00 93,00 115,00 90,00 104,00 90,00 
89,00 96,00 97,00 77,00 89,00 74,00 90,00 88,00 69,00 95,00 88,00 90,00 78,00 91,00 99,00 74,00 95,00 90,00 94,00 103,00 101,00 100,00 95,00 73,00 88,00 78,00 96,00 97,00 84,00 99,00 90,00 77,00 68,00 94,00 92,00 67,00 105,00 98,00 89,00 71,00 82,00 104,00 70,00 90,00 89,00 86,00 86,00 103,00 81,00 101,00 80,00 92,00 104,00 92,00 100,00 100,00 88,00 88,00 97,00 115,00 93,00 96,00 87,00 98,00 76,00 99,00 89,00 93,00 88,00 90,00 72,00 120,00 76,00 105,00 86,00 94,00 79,00 102,00 97,00 98,00 91,00 95,00 95,00 110,00 88,00 79,00 90,00 90,00 95,00 96,00 95,00 96,00 80,00 105,00 98,00 77,00 97,00 93,00 103,00 87,00 
108,00 120,00 104,00 86,00 83,00 91,00 105,00 92,00 89,00 89,00 111,00 99,00 93,00 88,00 108,00 109,00 116,00 92,00 93,00 102,00 102,00 103,00 92,00 92,00 101,00 80,00 91,00 98,00 101,00 87,00 96,00 95,00 79,00 110,00 105,00 87,00 103,00 93,00 89,00 93,00 98,00 106,00 89,00 99,00 93,00 96,00 87,00 109,00 84,00 111,00 99,00 112,00 102,00 106,00 94,00 118,00 90,00 102,00 112,00 107,00 108,00 95,00 89,00 98,00 73,00 86,00 120,00 111,00 90,00 108,00 78,00 116,00 68,00 97,00 101,00 115,00 73,00 99,00 96,00 96,00 110,00 87,00 104,00 112,00 102,00 95,00 113,00 110,00 94,00 101,00 110,00 104,00 84,00 95,00 115,00 76,00 113,00 105,00 109,00 91,00 
